1.1554048979035558e6
1.1554677433598593e6
1.1554720754008214e6
1.1554725576130876e6
1.1554726580267118e6
1.1554726697056484e6
1.1554726636818044e6
1.155472650906303e6
1.1554726659345946e6
1.1554726734078792e6
1.155472686802471e6
1.15547269481581e6
1.1554727011654512e6
1.1554727022355334e6
1.1554727108681526e6
1.1554727113358483e6
1.1554727106650935e6
1.1554727158526715e6
1.1554727157288678e6
1.1554727143524073e6
1.155472712143055e6
1.1554727105424132e6
1.1554727105597758e6
1.1554727118520166e6
1.1554727070760007e6
1.1554727055854606e6
1.1554726932557798e6
1.1554727189474609e6
1.1554727180199884e6
1.1554727186012603e6
1.1557426246357402e6
1.155798428683879e6
1.1558012238686527e6
1.1558014464680047e6
1.1558014895681748e6
1.1558014983971221e6
1.1558015040959741e6
1.1558015010523775e6
1.1558015106129588e6
1.15580152290061e6
1.1558015314954836e6
1.1558015366399013e6
1.1558015380755065e6
1.1558015366950822e6
1.1558015439035122e6
1.1558015405682516e6
1.1558015401486126e6
1.1558015252426588e6
1.1558015447096361e6
1.1558015392726487e6
1.1558015362266435e6
1.1558015324047252e6
1.155801533124036e6
1.1558015324581028e6
1.1558015340339018e6
1.1558015292323912e6
1.1558015225381588e6
1.1558015463503653e6
1.155801543000019e6
1.155801537575345e6
1.1556064821535083e6
1.1556671785854707e6
1.1556706788162743e6
1.1556710060390856e6
1.1556710699629073e6
1.155671071861618e6
1.155671074026867e6
1.155671084419495e6
1.155671082188493e6
1.1556710976562349e6
1.1556711060168874e6
1.1556711119287643e6
1.1556711211494037e6
1.1556711222070209e6
1.1556711202298542e6
1.1556711271185258e6
1.1556711272112392e6
1.155671126103796e6
1.1556711155282913e6
1.1556711222901298e6
1.1556711166319305e6
1.1556711063046996e6
1.1556711289399671e6
1.1556711250810346e6
1.1556711264233359e6
1.1556711259550059e6
1.1556711259488263e6
1.1556711263941233e6
1.1556711262626387e6
1.1556711266136917e6
1.1554982564089533e6
1.1555633118941982e6
1.1555673493325482e6
1.1555677567584184e6
1.1555678003766849e6
1.1555678253893782e6
1.1555678245810438e6
1.1555678302621075e6
1.1555678322053421e6
1.155567845562155e6
1.15556785381613e6
1.1555678569969009e6
1.1555678663309552e6
1.155567866765017e6
1.1555678712538183e6
1.1555678736656515e6
1.1555678707535297e6
1.1555678755257414e6
1.1555678743277933e6
1.1555678710451806e6
1.155567867633776e6
1.1555678693258343e6
1.1555678716548788e6
1.1555678682869638e6
1.155567878315279e6
1.1555678723228578e6
1.1555678681237102e6
1.155567863138802e6
1.1555678600375182e6
1.1555678791524484e6
1.155374137109972e6
1.1554390817351616e6
1.1554434862951213e6
1.155443973500422e6
1.155444069754405e6
1.1554440880952936e6
1.1554440777216968e6
1.155444081160823e6
1.1554440882061287e6
1.1554440990361804e6
1.1554441076450208e6
1.1554441183834695e6
1.1554441236505276e6
1.1554441272139298e6
1.1554441328866205e6
1.1554441334139495e6
1.1554441333406281e6
1.1554441310830784e6
1.1554441252496243e6
1.1554441356601638e6
1.1554441355952423e6
1.1554441346956221e6
1.155444109728669e6
1.1554441328839716e6
1.1554441221007402e6
1.1554441185797066e6
1.1554441086182697e6
1.1554441378157758e6
1.1554441323202995e6
1.155444135825183e6
1.1554018744880557e6
1.1554682964543584e6
1.1554726207246117e6
1.1554730452717056e6
1.1554731036732676e6
1.155473119665319e6
1.1554731227032186e6
1.155473118126656e6
1.15547312031602e6
1.1554731262276685e6
1.1554731386694578e6
1.155473149693304e6
1.1554731536997058e6
1.15547315738451e6
1.1554731662622862e6
1.15547316495607e6
1.1554731710855928e6
1.1554731703709755e6
1.1554731684851907e6
1.1554731731428187e6
1.1554731724923833e6
1.1554731703473232e6
1.1554731682261946e6
1.1554731673311973e6
1.1554731600630146e6
1.1554731536406237e6
1.1554731512947292e6
1.15547317521651e6
1.155473170619336e6
1.1554731731775266e6
1.1554919656323383e6
1.1555535668918088e6
1.1555572772169907e6
1.1555576165860798e6
1.155557669141414e6
1.1555576784090009e6
1.155557670928426e6
1.1555576743632862e6
1.1555576795658572e6
1.155557689949941e6
1.1555576968755156e6
1.1555577030114664e6
1.1555577164687917e6
1.155557718709468e6
1.1555577191538955e6
1.1555577153044534e6
1.155557724115567e6
1.1555577250676148e6
1.1555577250002618e6
1.1555577236102913e6
1.1555577216416798e6
1.1555577207140448e6
1.155557721426266e6
1.1555577159481018e6
1.1555577140863666e6
1.1555577132863451e6
1.1555577113139045e6
1.1555577133570816e6
1.1555577145067144e6
1.1555577172584108e6
1.1556669826811817e6
1.155726693009613e6
1.1557302022089688e6
1.155730501469074e6
1.15573055839438e6
1.1557305697820673e6
1.155730574914166e6
1.155730562574423e6
1.155730571863828e6
1.155730580017492e6
1.1557305887253508e6
1.1557306021659488e6
1.155730605061208e6
1.1557306066844505e6
1.155730606512842e6
1.155730605099485e6
1.1557306021249252e6
1.1557306001105965e6
1.1557306010711712e6
1.1557306037212557e6
1.1557305990550127e6
1.1557305975240772e6
1.155730599142634e6
1.1557305989222117e6
1.155730601907244e6
1.1557306032641951e6
1.1557306051900014e6
1.1557306060016805e6
1.1557306065467508e6
1.1557306034045143e6
1.1556652544590777e6
1.1557216187210523e6
1.1557247354389231e6
1.155725005804558e6
1.1557250650097139e6
1.1557250878446072e6
1.1557250909583147e6
1.1557250795830193e6
1.15572508075776e6
1.1557250877114208e6
1.1557250942863096e6
1.1557251034084826e6
1.1557251081215802e6
1.1557251092068283e6
1.155725119394207e6
1.1557251203620918e6
1.1557251209602337e6
1.1557251210251874e6
1.1557251209565823e6
1.1557250925157284e6
1.1557251200781502e6
1.1557250953300616e6
1.155725119230294e6
1.1557251137103848e6
1.1557251120896721e6
1.1557251126888948e6
1.1557251103248072e6
1.1557251125545704e6
1.1557251132170628e6
1.1557251152802482e6
1.1557380762233937e6
1.155807667123928e6
1.1558121654571823e6
1.1558125867881519e6
1.155812628263812e6
1.1558126365425633e6
1.1558126421947363e6
1.1558126419490385e6
1.155812648853107e6
1.1558126609533613e6
1.155812670558294e6
1.1558126805860251e6
1.1558126879774749e6
1.1558126924642306e6
1.1558126958013156e6
1.1558126976281868e6
1.155812699583085e6
1.1558127008362694e6
1.1558127023254328e6
1.155812703632787e6
1.15581270509527e6
1.155812700763798e6
1.1558126954594543e6
1.1558126946982287e6
1.1558126968489555e6
1.155812698814108e6
1.1558126926049732e6
1.1558126894594042e6
1.1558127103261244e6
1.1558127037641257e6
1.1558387709459062e6
1.155905657100012e6
1.1559099182093514e6
1.155910426810468e6
1.1559105004461296e6
1.1559105076268918e6
1.1559104950451404e6
1.1559104930282484e6
1.1559104992244404e6
1.1559105148358962e6
1.1559105262191445e6
1.1559105324061855e6
1.1559105442811158e6
1.1559105460618336e6
1.155910552494713e6
1.1559105487958684e6
1.15591055606848e6
1.1559105536878405e6
1.1559105577790884e6
1.155910554281269e6
1.1559105587775738e6
1.1559105572088487e6
1.155910555923721e6
1.1559105335997809e6
1.1559105524876171e6
1.1559105520432466e6
1.1559105544046285e6
1.1559105530666364e6
1.1559105528819552e6
1.1559105510636258e6
1.1555450351383502e6
1.1556071625276569e6
1.1556105853753374e6
1.1556108987093263e6
1.1556109539361107e6
1.1556109777859717e6
1.1556109756925902e6
1.1556109711435905e6
1.1556109741396254e6
1.1556109868684774e6
1.155610993619662e6
1.1556110045182006e6
1.15561100652176e6
1.155611007603386e6
1.1556110052336338e6
1.1556110108240233e6
1.1556110114837496e6
1.1556110108488102e6
1.1556110091057396e6
1.1556110079599456e6
1.1556109969819728e6
1.1556109901926485e6
1.1556110137659723e6
1.1556110076509153e6
1.155610994527839e6
1.1556110092085903e6
1.1556109956468788e6
1.1556110021610106e6
1.1556109939833588e6
1.1556110132592642e6
1.1554190469686638e6
1.1554811946993698e6
1.1554848115402258e6
1.15548515349993e6
1.155485200261945e6
1.1554852279201034e6
1.1554852292019585e6
1.1554852271228288e6
1.1554852195781097e6
1.1554852335055622e6
1.1554852402596022e6
1.1554852488303958e6
1.15548525299236e6
1.1554852629166571e6
1.1554852645465406e6
1.155485265863299e6
1.1554852654926942e6
1.1554852644453982e6
1.1554852627800477e6
1.1554852619567649e6
1.1554852529419828e6
1.1554852668844792e6
1.155485263566483e6
1.1554852630863953e6
1.1554852599301154e6
1.155485258671448e6
1.1554852576864345e6
1.1554852561833283e6
1.1554852560691573e6
1.1554852550674034e6
