0.8380040275078803
1.2026702155473294
1.338375692721388
1.0988827525701628
1.2895895877140164
1.1019329294267173
1.12522377283848
1.3984011504363578
0.9946550775081424
0.8509007259896734
0.8608425314936011
0.8310774290849248
0.8712358782228964
0.8786026447198128
0.9364453174513633
0.9176267618608553
0.8996468305455647
0.894777169615468
0.919834790936527
0.8830409684351382
0.8761317553809894
0.8646267366326801
0.8653477942475528
0.8611689712404119
0.8548049812731479
0.8729547317927171
1.1517436484477739
0.867145646030932
0.8619856501925257
0.833998338444949
0.8289047839090425
1.1144494776803786
1.3497063137931824
1.0811896604238371
1.2369404720308828
1.1713782303310472
1.0670772178957062
0.9146998674069577
0.9702914415573816
0.8377835595346859
0.8048396036711563
0.8381052729390968
0.8651833864844521
0.8991058878771394
0.876485080181
0.8655203288463308
0.8491226059232149
0.8732761814582908
0.8575790839839537
0.8760887764827161
0.8610365871028385
0.8722674047679544
0.8673200847089575
0.8654842464889185
0.8668986832578294
0.9057964092743016
0.9098602161130305
0.8545947253054014
0.917564104133458
0.9922120226330011
0.8355338860545579
1.1715624928796966
1.286826337037997
1.061894451925346
1.2205400229891745
1.0783873407085924
1.2515738300833825
1.07955683380096
0.8548122002442973
0.8712813273121598
0.8132008794858169
0.8519580306847465
0.8741563167173206
0.9012350652216288
0.8832665905098386
0.8650824415963728
0.885194966179286
0.8623094462036734
0.8641730398441972
0.8557498665113269
0.8556920620164263
0.9697660876386714
0.8652170683798488
0.8650935483070804
0.8673062445054845
0.8748030800535653
0.860518866094814
0.8750128193936918
0.8554231679963629
0.8750850109196071
0.830636941747112
1.1753047583966723
1.3199280538380567
1.0752189252033062
1.2084657910777683
1.0687712087971473
1.0004815496613748
1.1820096142374088
0.8767134151628917
0.886335561767392
0.8206320796768733
0.8284438173256713
0.8394668056059676
0.8750797826566028
0.9109581280157576
0.9240807550467419
0.872938118077116
0.8845624568118616
0.8603301234146863
0.8732394733451511
0.8583568540005488
0.856346178975385
0.8507797584665024
0.8664858220763578
0.8234197807579164
0.820425595498601
0.8833357554838813
0.8306518802208288
0.9004241404500546
0.862870583164362
0.8223547810575411
1.1395364710864684
1.353156181570569
1.0503140535322826
1.3244607933189971
1.1015731456973161
1.1771086521004166
1.191232794215519
1.0188885153663052
1.015641602705237
0.9827751783005912
0.8466016809798393
0.8431054502246893
0.8818707986862785
0.9274988703424283
0.9615348381549331
0.9538344419622855
0.9019119587932981
0.8644922003345883
0.8631096745099823
0.8601672826027434
0.8655455748967104
0.9796504561490669
0.8589458001503897
0.8680142376217633
0.876888448444296
0.9438041310603869
0.8662916008662952
0.9810577191142814
0.8506774451619539
0.8368958029938822
1.2044815046774766
1.3274228874494673
1.0783609713237137
1.2033622574494653
1.1205410557700874
1.0599314732916159
1.3323660693293262
1.0613524139963733
0.9653474212323129
0.9328800368319473
0.8755095404147905
0.8812558190862886
0.8887775578125251
0.8911070835651083
0.8964864526327216
0.9280140223793855
0.9005177421853635
0.8839342207672066
0.874965216905322
0.8846817080393155
0.8602746604677238
0.8529620052146306
0.8491931572580504
0.851463695579451
0.8563002402887666
0.8573547765888181
0.8318490952478875
0.9110188542076788
0.8554480338984978
0.8286796006579132
1.156542447032997
1.3448080020239686
1.0750147414658209
1.2663543187246071
1.1195055451011036
1.035492916269364
1.411556622462397
0.9235751354729316
0.8695475734502349
0.8494336583123225
0.8156825563886472
0.8346621894352473
0.8651676520782448
0.9175102590394407
0.8934373587019859
0.8773055063480198
0.872629605455922
0.8905907063117096
0.8775304329273629
0.8611039349120998
0.8579432242024825
0.8533281328986437
0.8665528891126266
0.8531754432689134
0.8894594530999081
0.8505780246613477
0.8860178578902187
0.8462571611614309
0.8884293671450618
0.8268020025086099
1.1427566846919113
1.3418109857545353
1.0173084553439442
1.3257747967241267
1.0377974310287008
1.1444862108554166
0.9991463810163024
0.9855170913488308
0.8296921971216062
0.8237401001871792
0.8434649945810198
0.8885854083111724
0.9408452134205894
0.935521489115007
0.8858551711242558
0.8645797928227607
0.860072816085602
0.8616587777707876
0.8618082436655334
0.8610929516700715
0.8569046000273801
0.8620833642915703
0.8454095548665546
0.8474162861817266
0.8265599040270223
0.831170495146649
0.8090347214905084
0.8247499976961021
0.7025872435343146
0.8316959900578745
1.1320314577648063
1.373052865289819
1.0914415990755282
1.3385134008301116
1.089486776380218
1.1916042756294598
1.227622411932135
1.0950505900713572
0.9688302901038768
0.8497596128228136
0.8274491506071948
0.8410940369730072
0.8751608530740692
0.9110418676230949
0.9329397852253474
0.9389491156841457
0.9138899369169492
0.8648627559652404
0.9581927603993017
0.8636725624954918
0.9322535910366
0.8547373364138567
0.8583354830090115
0.8528957010909446
0.8614085509209103
0.8569002506203421
0.8597101950092622
0.856912147033478
0.8606167724232641
0.8367645815404192
1.182180148014897
1.2461126982268123
1.054168622967048
1.22124457223292
1.0776196201172945
0.9890505750890045
1.2756937943850168
1.0583362126037887
0.898895567596419
0.8685881472544305
0.849386757745904
0.8769648781573525
0.9220373069963783
0.9481879806719122
0.9299251563044333
0.9093086239272543
0.9010537751400278
0.8991794580194975
0.8931331175967365
0.898297298454035
0.8870878916160853
0.8729080965015668
0.8713178931590926
0.8739311953424196
0.8683102547985
0.8995045934888354
1.00799075132841
0.8563788546493396
1.0742594482191716
0.8568925037286536
1.2677031310954148
1.3175834044810462
1.1508024865873427
1.2094686159463872
1.1122456708643063
1.2023849656218393
1.214861938089113
0.9317324797577083
0.950189104082467
0.8814498817197954
0.8488047517629895
0.8816810368231954
0.9066274633727218
0.9865158069936187
0.939237590445898
0.9242050437526226
0.8992253978626339
0.8704310936466185
0.8855485955472656
0.8616513321397995
0.8684630241632174
0.8571730963560615
0.9156052596491295
0.8600856526529314
0.8538236132370869
0.867394354942633
0.8353202580914735
0.8674729131898018
0.8139736944218112
0.8246641046689162
1.134696796539572
1.3418334161372638
1.0691626419648863
1.238632500607549
1.0688984517062554
1.0770351577535384
1.2285540836721858
0.976570148685675
0.8608230000878608
0.8049486993467172
0.8154120786430774
0.824911996948976
0.8594914042221677
0.8869288771733449
0.8617514075859746
0.8422382846356098
0.8488576378370971
0.861124535674841
0.8617639458425577
0.8649187884494641
0.8773944308450148
0.8441283705260587
0.9984514830617621
1.190986287473712
0.8586015798099836
0.8376091680083272
0.8602324423619319
0.9378633493649191
0.7855693846053378
0.8236449939997258
1.15324130064778
1.3897268953378654
1.0652563946402052
1.261691307572326
1.0173821571017159
1.1454322385021116
1.3170554569436472
0.853633813524242
0.9383620207319763
0.8549482311306057
0.8264744355206659
0.8402164068263339
0.8925758211573849
0.9032389779309918
0.924547542082852
0.9027802521040326
0.8547728106481807
0.858136338021654
0.843229050815297
0.8407696224172352
0.8355140195878122
0.8500568374650643
0.8518358222975072
0.8322144598707125
0.8311759768761947
0.8239070226359135
0.8269011995626102
0.8238279094187251
0.8261153658692607
